{
 "cells": [
  {
   "cell_type": "markdown",
   "metadata": {},
   "source": [
    "## numpy矩阵操作\n",
    "\n"
   ]
  },
  {
   "cell_type": "markdown",
   "metadata": {},
   "source": [
    "首先请你创建三个矩阵$A, B, C, D$，它们都是服从标准正态分布的矩阵，其中$A$的大小为$20\\times 40$，$B$的大小为$40\\times 40$，$C$的大小为$40\\times 1$, $D$的大小为$40 \\times 1$."
   ]
  },
  {
   "cell_type": "code",
   "execution_count": 1,
   "metadata": {},
   "outputs": [],
   "source": [
    "import numpy as np\n",
    "np.random.seed(1)\n",
    "# 作业：添加你的代码\n",
    "A=np.random.normal(size=(20,40))\n",
    "B=np.random.normal(size=(40,40))\n",
    "C=np.random.normal(size=(40,1))\n",
    "D=np.random.normal(size=(40,1))"
   ]
  },
  {
   "cell_type": "markdown",
   "metadata": {},
   "source": [
    "### Q1.1 计算$A+A$, $AA^T$, $A^TA$, $AB$. 然后写一个函数对于输入参数$\\lambda$，计算$A(B-\\lambda I)$."
   ]
  },
  {
   "cell_type": "code",
   "execution_count": 2,
   "metadata": {
    "tags": [
     "outputPrepend"
    ]
   },
   "outputs": [
    {
     "name": "stdout",
     "output_type": "stream",
     "text": [
      "1.11715883e+00  3.57513378e+01  6.51206060e+00  8.33840400e+00\n",
      "   4.46521169e+00  4.69147601e+00  3.49950269e+00 -3.58802575e+00\n",
      "  -1.73122941e+00 -4.26305648e+00  9.90402743e-02  1.00674784e+01\n",
      "   1.72525576e+00  5.90473252e+00  1.90313814e+00  2.14024590e+00\n",
      "  -5.98384404e+00  1.30676337e+01 -4.15392939e+00  8.37090755e-01]\n",
      " [ 4.87907105e+00  6.51206060e+00  1.97201091e+01 -1.44673408e+00\n",
      "  -4.20894706e-01  3.04389022e+00 -7.76190484e+00 -1.79379216e+00\n",
      "   4.57067486e+00 -1.58860764e+00 -1.43171795e+00  1.90288916e+00\n",
      "  -7.09476080e-01  9.24134349e-01 -5.67329640e+00 -4.23972736e+00\n",
      "  -4.97375972e+00 -1.64041689e+00  3.92697287e+00  1.47738545e+00]\n",
      " [-2.10444032e+00  8.33840400e+00 -1.44673408e+00  3.74317322e+01\n",
      "  -1.15957126e+00  6.15170196e+00  1.26697988e+00  5.24831304e-01\n",
      "  -6.48188295e-01 -9.23613153e+00 -9.45958218e+00  9.55092659e+00\n",
      "  -3.33197217e+00  4.75135669e+00  1.48180514e+01  1.51088513e+00\n",
      "  -6.38845043e-01  4.59028961e+00 -5.01420515e+00  4.89313340e+00]\n",
      " [ 8.63414752e-01  4.46521169e+00 -4.20894706e-01 -1.15957126e+00\n",
      "   3.74709178e+01 -4.92510517e+00  7.77676244e+00 -3.61974615e+00\n",
      "  -3.97629421e+00 -2.09719317e+00  9.63716971e+00  1.64480672e+00\n",
      "   1.14750494e+01 -2.58147507e+00 -2.19153733e+00 -3.98547702e+00\n",
      "  -3.24356233e+00  1.74110898e+00  8.94350077e+00  1.59116574e+00]\n",
      " [-8.21173021e+00  4.69147601e+00  3.04389022e+00  6.15170196e+00\n",
      "  -4.92510517e+00  5.10897682e+01 -2.30437502e+00  5.83651509e+00\n",
      "  -9.36710432e+00  4.45850823e+00  6.44656019e+00  6.48096291e+00\n",
      "  -1.15189106e+01 -9.74035381e+00 -6.11318177e+00  1.14794435e+01\n",
      "   3.97617779e+00 -9.60441139e-01  2.92910181e+00 -2.00954296e+00]\n",
      " [-7.33422135e-01  3.49950269e+00 -7.76190484e+00  1.26697988e+00\n",
      "   7.77676244e+00 -2.30437502e+00  4.40301959e+01 -3.70593113e+00\n",
      "  -2.04172962e+00  9.61298778e+00 -2.90168892e+00 -1.88922263e+00\n",
      "   5.79055487e+00 -3.75107930e+00  7.09078796e+00  3.41473732e+00\n",
      "   2.15666124e+00 -6.26448683e+00 -1.00151903e+01 -1.64880883e+01]\n",
      " [-1.55147783e+01 -3.58802575e+00 -1.79379216e+00  5.24831304e-01\n",
      "  -3.61974615e+00  5.83651509e+00 -3.70593113e+00  3.30144764e+01\n",
      "  -3.63087859e+00 -2.82509417e+00  4.29702795e+00 -6.44468265e-01\n",
      "  -1.02003256e+00  3.04550991e+00  6.98091894e+00  4.82354649e+00\n",
      "  -3.05546443e+00 -8.23888346e-01  9.73714023e+00  1.05421678e-02]\n",
      " [-3.01143229e+00 -1.73122941e+00  4.57067486e+00 -6.48188295e-01\n",
      "  -3.97629421e+00 -9.36710432e+00 -2.04172962e+00 -3.63087859e+00\n",
      "   3.74687261e+01 -3.87134638e+00  3.72993050e+00  1.14644588e+01\n",
      "   6.72862129e+00  1.48180623e+00  1.16628502e+00 -4.05763785e+00\n",
      "  -7.18794736e+00 -2.19163117e+00  1.16192292e+01  9.57152909e-01]\n",
      " [ 6.43306713e+00 -4.26305648e+00 -1.58860764e+00 -9.23613153e+00\n",
      "  -2.09719317e+00  4.45850823e+00  9.61298778e+00 -2.82509417e+00\n",
      "  -3.87134638e+00  4.87348296e+01 -2.28692993e+00 -4.06385760e+00\n",
      "  -2.35895832e+00  6.61869645e+00  1.00738576e+01  3.84271086e+00\n",
      "   1.34916018e+01 -2.73390832e-01  9.96398026e+00 -3.65873814e+00]\n",
      " [-1.29647366e+01  9.90402743e-02 -1.43171795e+00 -9.45958218e+00\n",
      "   9.63716971e+00  6.44656019e+00 -2.90168892e+00  4.29702795e+00\n",
      "   3.72993050e+00 -2.28692993e+00  5.09872861e+01  3.10438385e+00\n",
      "   3.56024185e+00 -8.51746538e+00  1.21569602e+00  7.15037465e+00\n",
      "   8.18513913e+00  5.79180165e-01  1.89398112e+01  9.76421810e-01]\n",
      " [-5.90672923e+00  1.00674784e+01  1.90288916e+00  9.55092659e+00\n",
      "   1.64480672e+00  6.48096291e+00 -1.88922263e+00 -6.44468265e-01\n",
      "   1.14644588e+01 -4.06385760e+00  3.10438385e+00  3.48847192e+01\n",
      "  -1.69118273e+00  8.95737108e-02 -1.33882703e+00  3.59614227e+00\n",
      "   4.86744014e+00  7.31180036e+00  6.26768421e+00  6.42662714e+00]\n",
      " [ 4.38619670e+00  1.72525576e+00 -7.09476080e-01 -3.33197217e+00\n",
      "   1.14750494e+01 -1.15189106e+01  5.79055487e+00 -1.02003256e+00\n",
      "   6.72862129e+00 -2.35895832e+00  3.56024185e+00 -1.69118273e+00\n",
      "   3.41337753e+01  1.00728808e+01 -5.41504541e+00 -5.12459998e+00\n",
      "  -6.46635713e+00  7.50628138e+00  5.32835092e+00 -1.13183106e+00]\n",
      " [ 3.48449845e+00  5.90473252e+00  9.24134349e-01  4.75135669e+00\n",
      "  -2.58147507e+00 -9.74035381e+00 -3.75107930e+00  3.04550991e+00\n",
      "   1.48180623e+00  6.61869645e+00 -8.51746538e+00  8.95737108e-02\n",
      "   1.00728808e+01  4.54243761e+01  7.04066811e+00 -2.34022215e+00\n",
      "   2.50995000e+00  1.93145279e+01  6.04360633e+00 -2.02487807e+00]\n",
      " [-1.63000437e+01  1.90313814e+00 -5.67329640e+00  1.48180514e+01\n",
      "  -2.19153733e+00 -6.11318177e+00  7.09078796e+00  6.98091894e+00\n",
      "   1.16628502e+00  1.00738576e+01  1.21569602e+00 -1.33882703e+00\n",
      "  -5.41504541e+00  7.04066811e+00  5.25067291e+01  5.84567388e+00\n",
      "   9.58237217e+00 -7.00166593e+00  2.19551513e-01 -7.28867104e+00]\n",
      " [-5.65184913e+00  2.14024590e+00 -4.23972736e+00  1.51088513e+00\n",
      "  -3.98547702e+00  1.14794435e+01  3.41473732e+00  4.82354649e+00\n",
      "  -4.05763785e+00  3.84271086e+00  7.15037465e+00  3.59614227e+00\n",
      "  -5.12459998e+00 -2.34022215e+00  5.84567388e+00  3.23362709e+01\n",
      "   1.07696697e+01 -7.21534462e+00  8.33751273e+00  1.92952123e+00]\n",
      " [-9.03294275e+00 -5.98384404e+00 -4.97375972e+00 -6.38845043e-01\n",
      "  -3.24356233e+00  3.97617779e+00  2.15666124e+00 -3.05546443e+00\n",
      "  -7.18794736e+00  1.34916018e+01  8.18513913e+00  4.86744014e+00\n",
      "  -6.46635713e+00  2.50995000e+00  9.58237217e+00  1.07696697e+01\n",
      "   3.92251144e+01 -4.17819208e+00  4.21721728e+00  1.32485501e+01]\n",
      " [ 4.66277980e+00  1.30676337e+01 -1.64041689e+00  4.59028961e+00\n",
      "   1.74110898e+00 -9.60441139e-01 -6.26448683e+00 -8.23888346e-01\n",
      "  -2.19163117e+00 -2.73390832e-01  5.79180165e-01  7.31180036e+00\n",
      "   7.50628138e+00  1.93145279e+01 -7.00166593e+00 -7.21534462e+00\n",
      "  -4.17819208e+00  4.02521330e+01 -4.42496516e+00  3.80002453e+00]\n",
      " [-8.23655517e+00 -4.15392939e+00  3.92697287e+00 -5.01420515e+00\n",
      "   8.94350077e+00  2.92910181e+00 -1.00151903e+01  9.73714023e+00\n",
      "   1.16192292e+01  9.96398026e+00  1.89398112e+01  6.26768421e+00\n",
      "   5.32835092e+00  6.04360633e+00  2.19551513e-01  8.33751273e+00\n",
      "   4.21721728e+00 -4.42496516e+00  4.35036564e+01 -3.01721176e+00]\n",
      " [ 7.02443887e+00  8.37090755e-01  1.47738545e+00  4.89313340e+00\n",
      "   1.59116574e+00 -2.00954296e+00 -1.64880883e+01  1.05421678e-02\n",
      "   9.57152909e-01 -3.65873814e+00  9.76421810e-01  6.42662714e+00\n",
      "  -1.13183106e+00 -2.02487807e+00 -7.28867104e+00  1.92952123e+00\n",
      "   1.32485501e+01  3.80002453e+00 -3.01721176e+00  4.38163161e+01]]\n",
      "[[18.29059745 -6.43324353 -0.91661619 ...  0.97484406  3.48240281\n",
      "  -0.57405043]\n",
      " [-6.43324353 14.2798474   0.05208086 ... -0.31805382 -4.77106932\n",
      "   2.09098872]\n",
      " [-0.91661619  0.05208086 15.72912785 ...  0.25934595 -1.35815055\n",
      "  -3.73991452]\n",
      " ...\n",
      " [ 0.97484406 -0.31805382  0.25934595 ... 14.77304888 -2.13252972\n",
      "   9.36752023]\n",
      " [ 3.48240281 -4.77106932 -1.35815055 ... -2.13252972 11.67198782\n",
      "   2.33737011]\n",
      " [-0.57405043  2.09098872 -3.73991452 ...  9.36752023  2.33737011\n",
      "  19.48589659]]\n",
      "[[-2.96526403e+00  5.76221037e+00 -1.13991537e+01  7.45305110e+00\n",
      "  -2.78936419e+00 -6.98487387e-01  5.44150653e+00 -3.32958921e+00\n",
      "   4.98570112e-01  9.62461562e+00 -9.92063141e+00 -5.50935044e+00\n",
      "  -9.31097044e-02 -9.95066017e+00  1.21795635e+01  1.21113634e+01\n",
      "  -4.65041665e+00  1.73549185e+00 -4.92781952e+00  1.90769895e+00\n",
      "  -2.77360018e+00  6.05231052e+00 -2.13473518e+00 -2.70181743e+00\n",
      "  -3.88728375e+00 -4.48857116e+00 -4.01817605e+00  3.86819550e+00\n",
      "   2.12819942e+00  3.61664804e+00 -2.90336646e+00  6.37144909e+00\n",
      "   4.67120593e+00 -5.53872771e+00  6.58302044e+00  3.61268140e+00\n",
      "  -2.77587255e+00 -2.03798014e+00  2.08376098e+00 -6.52411797e+00]\n",
      " [ 1.49042537e+00  6.53159270e+00  6.09770443e+00  6.92225902e+00\n",
      "   1.49967587e+01 -4.00755870e+00  7.32949154e+00  1.43208995e+00\n",
      "  -2.07633854e+00 -9.61997664e+00  4.60719510e+00 -5.62776651e-02\n",
      "   2.29017362e+00  3.69842107e-01 -1.19489569e+01  1.67776137e-01\n",
      "  -1.07502172e+00  7.87553405e+00  8.32485929e+00  9.38433131e+00\n",
      "   1.38864757e+01 -1.37677965e+01 -2.40493625e+00  5.66196587e+00\n",
      "   1.24458411e+00 -4.92493411e+00  4.78684920e+00 -2.84475348e-01\n",
      "   1.36286398e+01 -2.13987083e+00 -2.49155461e+00  1.14720659e+00\n",
      "  -3.83322804e+00  2.19524673e+00 -1.21561828e+01 -6.77221288e+00\n",
      "  -4.83114647e+00 -7.75269146e+00 -2.11293866e+00 -1.60351556e-01]\n",
      " [-3.15662143e+00  2.44352523e+00 -5.12799365e+00  1.64333411e+00\n",
      "   4.73670922e+00 -2.29198627e+00  2.25682156e+00 -2.25180241e-01\n",
      "  -1.65830118e+00  4.33605873e+00 -5.09672155e+00  3.19600272e+00\n",
      "   1.76095473e+00  2.17362972e+00 -4.95773276e+00  1.08338209e-01\n",
      "  -8.76056577e+00  4.33279330e+00 -4.66572037e+00  1.63119186e+00\n",
      "   4.06197060e-01  2.25416076e+00  6.26519072e+00  9.03223141e+00\n",
      "   1.33656603e+00 -4.83528069e+00 -2.03340474e+00  7.91440707e+00\n",
      "   7.35992752e+00  3.45277869e+00 -3.62050251e+00  1.05567820e+01\n",
      "   1.71531185e+00 -5.05809015e+00 -7.82992041e-01 -3.35705158e+00\n",
      "  -6.63749094e+00 -4.93117438e+00  5.70157270e-01 -8.78444566e+00]\n",
      " [-3.14819112e+00 -1.09858008e+01  1.05782350e+01  1.76044197e+00\n",
      "  -2.77296170e+00 -7.93987950e+00 -1.59453324e+00  1.78353211e+00\n",
      "   1.57861606e+00  4.17287125e-01  1.53459594e+01 -3.15412399e+00\n",
      "  -6.72666826e+00  4.43662664e+00  2.08460596e+00  2.22467000e+00\n",
      "   5.66810363e+00 -2.68865328e+00 -3.33298789e+00 -2.52215556e-01\n",
      "   7.61853179e-01 -6.62656344e+00 -1.56566018e+00  6.63893650e+00\n",
      "   1.25261884e+00 -3.22977449e+00  8.85723890e+00  6.04423746e-01\n",
      "   8.81939378e+00 -9.44376906e+00 -6.44002466e+00 -7.36560852e-01\n",
      "  -6.37999712e+00 -1.48636116e+00  8.00627860e+00 -1.06403223e+01\n",
      "   9.67833894e+00  2.38811447e+00 -1.59088683e+00 -3.86947901e+00]\n",
      " [-1.35856407e+00  2.56087071e+00 -1.68606584e+00 -2.39172201e+00\n",
      "  -6.27019517e+00  2.58551957e+00  1.58679802e+00  4.06815692e+00\n",
      "   4.39601610e+00 -4.19472075e+00  4.55385271e+00 -5.91567458e+00\n",
      "   1.10584658e+01 -7.70012296e+00  2.18028396e+00  8.15610442e+00\n",
      "   6.74214945e+00  7.68793765e+00  2.56351928e-01 -2.65967349e+00\n",
      "   4.06097227e+00 -2.07569710e+00 -8.51299405e-01 -4.12136858e+00\n",
      "  -5.82277182e+00 -4.74120125e+00  7.70795185e-01 -5.55075967e-01\n",
      "  -2.34121926e+00 -5.95008105e+00 -1.10700525e+01  1.65389910e-01\n",
      "   2.01470059e+00  4.51168134e+00 -5.43194683e+00  1.59638626e+00\n",
      "   3.91087790e+00  9.07782742e+00 -1.92043274e+00 -4.48565156e+00]\n",
      " [-1.31495648e+00  6.37507337e+00  2.74208669e-01 -6.67925672e+00\n",
      "   1.75637829e+00  5.36748824e+00 -2.92034425e+00 -2.13544616e+00\n",
      "  -2.82179843e+00  3.50361431e+00  1.44674575e+01 -1.06215027e+00\n",
      "  -5.90391190e+00  9.51489414e-01 -1.50235300e+01 -1.04811930e+01\n",
      "  -6.84481832e+00  8.13167577e+00  8.35265110e+00  3.77246310e+00\n",
      "  -4.01284750e+00 -3.35368780e+00  7.10508123e-01  6.66320498e+00\n",
      "  -1.34467391e+00 -8.80837101e+00  5.57701255e+00  3.21163624e+00\n",
      "   1.09118989e+01 -3.74998571e+00 -4.19341213e+00  3.66933258e+00\n",
      "  -6.96324242e+00  1.65550896e+00  1.19071579e+00 -2.32679984e+00\n",
      "  -8.44524537e-01 -6.57378627e+00  1.10114962e+01 -5.37051350e+00]\n",
      " [-3.91170894e+00  4.85822296e-01 -1.83660353e+00  1.25085772e+01\n",
      "  -1.25996443e+00  3.82772916e+00  1.95044019e+00  1.46170592e+01\n",
      "   2.11549161e+00 -6.46848680e+00  2.23581412e+00 -4.71108181e+00\n",
      "   7.45366435e+00 -1.35556014e+01  2.12685427e+00  8.91254810e-01\n",
      "   7.95855416e+00  5.98033481e-01 -3.30756563e+00  5.83771586e+00\n",
      "  -1.09725551e+01 -8.73581253e+00 -1.08609468e+01  5.92342076e+00\n",
      "  -8.49480378e+00  3.79580204e+00 -1.40718014e+00 -1.17780883e+01\n",
      "   5.05533764e+00 -3.28229176e+00  9.03100443e+00 -3.87783873e+00\n",
      "  -4.74490005e+00  5.85387093e+00 -1.53572507e+00  3.43837892e+00\n",
      "   4.53763940e+00 -1.33852330e-02 -3.65074441e-01  6.11875479e-02]\n",
      " [-4.99045453e+00  1.02549329e+01  8.71373637e+00 -4.66848578e+00\n",
      "  -8.27042756e+00  9.71104675e-01  5.03463604e+00 -2.54935617e+00\n",
      "   2.65334388e+00 -1.61672285e+01  3.92881871e+00  1.56549131e+01\n",
      "  -3.58708193e+00  1.97783238e+00 -2.06912379e+00 -1.05272870e+01\n",
      "  -1.35699843e-01 -4.04849291e+00  4.86901670e-01 -2.49320605e+00\n",
      "   4.12163770e+00 -6.28798910e+00 -7.07254911e+00  5.64846688e+00\n",
      "   6.74152868e-01  3.77586355e+00 -1.37400812e+00 -4.59773042e+00\n",
      "  -1.88151772e+00 -3.80570091e+00 -1.05882458e+00  1.58700472e+00\n",
      "   1.00071566e+00  1.37842670e+01 -2.24575971e-01 -6.07989545e+00\n",
      "  -2.42602078e+00 -1.12212481e+00 -7.87368619e+00 -1.26544846e+00]\n",
      " [-4.97867177e+00 -2.64313105e+00 -6.24262963e+00 -1.65374941e+00\n",
      "   5.48609833e+00 -4.17493145e+00 -4.21925895e+00 -7.91352306e-01\n",
      "  -3.73437583e+00  1.44605082e+01  7.82818112e+00  2.44759483e+00\n",
      "   5.83334824e+00  1.68880602e+00 -1.43050547e+00 -8.70923600e+00\n",
      "  -2.58138960e+00 -2.52249904e+00 -9.57520378e+00  1.68430593e+00\n",
      "  -1.17517141e+01  3.37393177e+00 -5.03955178e+00  3.70037625e+00\n",
      "   4.40571358e+00 -8.20998345e-01 -5.14431744e+00  9.90087143e+00\n",
      "  -2.67008261e-01  1.06113185e+01  1.15057821e+01  4.98135521e-01\n",
      "   6.45487153e-01 -1.65540584e+01  1.72980173e+01 -2.13235189e+00\n",
      "   4.08297556e+00 -4.08121990e-01 -5.83396653e+00  4.03409717e-01]\n",
      " [ 3.49445437e+00  2.58416236e+00 -9.27235738e+00  2.00980653e+00\n",
      "  -1.76291523e+00  1.17875501e+01  1.10837995e+00 -5.22130548e+00\n",
      "  -6.10690779e+00  2.00666145e+01 -1.01671759e+01  1.02787461e+00\n",
      "  -3.90956265e+00 -4.07833255e+00  2.94576496e+00 -5.25759620e+00\n",
      "   1.36117824e+01  4.75066227e+00 -3.74761703e+00 -7.38911423e+00\n",
      "  -6.72936511e+00 -3.67552031e+00 -6.58563832e-01 -5.38146346e+00\n",
      "  -9.96456835e-01  6.25655545e+00 -3.81984604e-01  8.95320799e+00\n",
      "   1.31300331e+01 -8.33257783e+00 -5.67891941e+00  1.00100588e-01\n",
      "   6.98170630e+00  4.45193286e+00  1.01911250e+01  1.11461136e+01\n",
      "   2.36596831e+01 -2.94482589e+00  4.73836762e+00  4.55495301e+00]\n",
      " [ 5.13186156e+00 -4.26022594e+00 -9.54203561e-01 -3.83786555e+00\n",
      "   1.87838008e+00 -3.37698870e+00 -5.31978705e-01 -6.06834791e+00\n",
      "  -1.28797604e+01 -2.25020412e+00  1.99876098e+00  6.85363569e+00\n",
      "  -5.16631602e+00  5.69778988e+00 -5.68639091e+00 -3.89509982e-01\n",
      "   1.79511692e+00  3.33203235e+00 -4.39747024e+00 -1.63907761e+00\n",
      "  -1.12585140e+00 -1.52923513e+00  9.32422911e+00  6.41396736e+00\n",
      "  -5.96855086e-01 -4.58449945e+00 -2.69552197e+00 -2.11723191e+00\n",
      "   1.19875564e+00 -2.64813330e+00  1.08448824e+01 -2.51878785e+00\n",
      "   2.40376630e+00 -2.29624979e-01 -9.17962562e+00  1.78753488e+01\n",
      "   1.70699190e+01 -2.94004439e+00 -8.81134083e+00  8.31069312e+00]\n",
      " [-1.35474724e-01 -1.16521849e+01  9.26466499e-01 -1.72435296e+00\n",
      "  -4.35019362e+00 -3.36857878e+00 -4.48677241e-01 -3.18071613e+00\n",
      "  -5.12701232e-01 -5.29119324e-01  8.64910032e+00  7.46581810e+00\n",
      "   1.20383488e+01 -3.20643625e+00  1.91813233e+00 -1.30179016e+01\n",
      "   5.16023585e+00 -1.24532724e+00 -1.08869185e+01 -1.10694719e+00\n",
      "   2.71284875e+00 -3.33871757e+00 -1.05789054e+01  7.80438315e+00\n",
      "   1.79337971e+00 -1.07875504e+00 -6.83029521e+00  7.91985022e+00\n",
      "  -2.15026158e-01  5.49468659e-01 -3.19304873e+00  6.64254284e+00\n",
      "  -1.51990532e-01 -1.32893216e+01  5.27242679e+00 -7.95333564e+00\n",
      "  -5.64536257e+00  3.65073491e+00  8.45393325e+00 -6.46471083e+00]\n",
      " [-1.88472875e+00  9.59835888e-01 -8.09838998e+00  7.80652212e-01\n",
      "  -1.01999947e+00 -1.36766228e+00 -2.09560070e+00 -1.68657635e+00\n",
      "   2.52600045e+00 -1.70345114e+00 -1.76219464e+00 -3.54664565e+00\n",
      "   5.13117705e+00 -2.12236474e+00  6.68098946e+00  3.81219717e+00\n",
      "   2.40402267e+00  2.42575037e+00 -8.26213079e+00  2.28180663e+00\n",
      "  -4.90111262e+00  7.38452891e+00 -3.10125917e+00  7.61013622e-01\n",
      "  -3.09699770e+00 -1.65581348e+00 -8.24790654e+00 -6.89671102e-01\n",
      "  -5.72909790e+00 -6.80589358e+00 -7.58785191e-01 -6.00425026e-02\n",
      "   7.94088557e+00  3.88463005e+00 -2.02390557e+00  4.35109719e+00\n",
      "  -1.34150303e-01  2.94784670e+00  2.63939342e+00  9.08913374e+00]\n",
      " [-3.21786149e+00  3.58888621e+00  7.91576331e+00 -4.43278506e+00\n",
      "   3.46493819e-01 -4.02876688e+00  6.74772979e+00 -4.84871824e+00\n",
      "   1.08695834e+01  5.24403729e+00  1.95639277e+00  9.12513479e+00\n",
      "  -5.42374910e+00 -3.46848914e-01 -5.06894817e-01 -9.51114306e-01\n",
      "  -5.63100530e+00 -3.50441740e+00 -3.62530728e-02 -1.64070735e+01\n",
      "   2.29126720e+00 -1.32171340e+00 -7.38697349e+00  3.21995192e+00\n",
      "   2.47976940e+00  7.89342815e+00  4.80179413e+00 -1.31713633e+00\n",
      "   6.20998348e+00 -6.55124400e+00  2.92451157e-01 -2.20937464e+00\n",
      "   9.22930122e+00  7.81145517e+00  2.66996914e+00 -1.75114101e+00\n",
      "  -4.37746863e+00 -3.53883634e+00 -6.18261445e+00 -8.47662904e+00]\n",
      " [ 2.23339816e+00 -5.85409270e+00  1.35445563e+01  2.33529133e+00\n",
      "   5.26378878e+00 -1.90841862e+00 -8.05829686e+00  1.48759208e+01\n",
      "   5.06657112e+00  2.27065317e+00  1.01921203e+01 -1.66787771e+00\n",
      "  -1.15897968e+01  3.63831641e+00 -3.56996438e+00 -9.32097116e+00\n",
      "   2.37105360e+01  1.02727669e+00 -2.95391683e+00 -8.83337634e+00\n",
      "   5.08019951e+00 -1.09162310e+01  1.63800919e+00  2.93317937e+00\n",
      "   2.64005348e-01  1.35934736e+00  8.49559218e+00  4.62895860e+00\n",
      "   1.05553283e+01 -2.47749083e+00 -3.11437670e+00 -1.79403719e+00\n",
      "  -7.05028356e+00  3.88353393e+00  3.32982685e+00  6.97987843e+00\n",
      "   1.54602464e+01  2.22078046e+00 -9.97458594e+00  8.31499777e+00]\n",
      " [-4.00793756e+00 -9.05961282e-01  1.36954805e+01  2.01206350e+00\n",
      "   1.52569875e+00  8.94246883e+00 -7.46583474e-01 -4.87704933e+00\n",
      "  -4.54467982e+00  6.05412323e-01  1.01524179e+01  3.75480104e+00\n",
      "  -4.82243412e+00 -1.52725419e+00 -1.12390494e+01 -2.73809331e+00\n",
      "   6.87505062e+00  7.91330136e+00 -8.37246733e+00  2.06856267e+00\n",
      "  -2.25242625e+00  5.62490413e+00  8.48067399e-01 -1.23190524e+01\n",
      "   1.21580966e+01  2.92585073e+00  3.16413315e+00 -5.13815615e+00\n",
      "   3.03294789e+00  2.03323617e+00  7.02279964e-01 -8.97512458e-01\n",
      "   5.41353279e+00  6.22779075e+00 -5.12822437e+00 -3.55090052e+00\n",
      "   6.96752029e+00  2.64354373e+00  3.35743340e+00 -4.86290986e+00]\n",
      " [ 9.80849616e+00 -1.40057758e+01  4.87048737e+00  1.21700010e-01\n",
      "  -2.54289844e+00  1.07615818e+01  1.15523151e+00 -6.98906132e+00\n",
      "  -4.13891973e+00  1.64365230e+01  7.45506934e+00 -2.19174473e+00\n",
      "   2.91052426e+00  1.96078451e-01  2.73187076e+00 -4.41402240e+00\n",
      "   1.24319330e+01  6.14218087e-01 -1.39390874e+00 -3.17241185e+00\n",
      "   3.87333944e+00  6.25415562e+00  5.96227112e+00 -8.17996834e+00\n",
      "   6.49361232e+00  8.46103033e+00 -3.75118247e-01 -9.68801258e-01\n",
      "  -4.35097562e+00 -2.62584856e-01  8.31728358e+00  2.94311228e+00\n",
      "   5.12032651e-01  1.42608884e+00 -9.31316524e+00  1.26306637e+01\n",
      "   8.26298050e+00  5.43036755e-01  5.77134747e+00 -8.36106816e-01]\n",
      " [ 5.43090123e+00  9.29222770e-03  7.50178311e+00 -5.88733271e+00\n",
      "   4.37263897e+00 -5.43363925e+00  2.57044121e-01 -4.49114688e+00\n",
      "   9.06831022e+00 -1.00320603e+01  3.50633079e-01  1.30100973e+01\n",
      "   7.65416982e+00 -2.03638079e+00  3.47591115e+00 -3.70355651e-01\n",
      "  -6.12844172e+00  7.71333140e+00  9.46310344e+00 -1.02535099e+01\n",
      "   1.54457336e+00 -2.80554522e+00 -3.96282806e+00 -2.11914942e+00\n",
      "  -3.39600766e+00 -1.00013096e-01  4.46660707e+00  2.30156855e-02\n",
      "   1.95003531e+00 -5.84084831e+00 -7.47329747e+00 -8.27822452e+00\n",
      "   2.95423869e+00  2.96084081e+00  2.45164719e+00  1.42162437e-01\n",
      "  -5.50194662e+00  1.29479189e+00 -5.68999086e+00  4.44492706e+00]\n",
      " [ 4.13880808e-01  2.18206863e+00 -9.09762328e-01 -1.05657150e+01\n",
      "  -5.28835343e-01  5.28494183e+00  8.10884780e+00 -1.73532070e+01\n",
      "  -5.61669979e+00  9.96058347e+00  8.65818648e-01  1.00819932e+01\n",
      "  -2.18594434e-01  1.07336973e+01 -4.57581597e+00 -7.68964375e-01\n",
      "   6.49899683e+00  7.63763607e-01 -9.82913589e+00 -1.17575929e+01\n",
      "  -5.12185610e+00  8.03111005e+00 -4.25333016e+00 -2.23422392e+00\n",
      "   7.94248100e+00  5.41795927e+00 -8.22307722e+00  1.86066215e+00\n",
      "   4.50386098e+00  1.77995671e-01  1.35284764e+00  3.83146432e+00\n",
      "   1.33542109e+01  5.48677658e-01  1.06761657e+01  2.92437148e-01\n",
      "   1.02063217e+01  4.90992569e+00 -3.32136926e+00 -5.20730738e+00]\n",
      " [ 4.39306186e+00 -8.04670410e+00  4.92083010e-01  5.68999416e+00\n",
      "  -4.78650018e+00 -1.19186301e+00  4.67975990e+00 -7.55468822e+00\n",
      "  -7.48664440e+00  8.10021854e+00  2.20417841e+00  1.52970211e+00\n",
      "  -6.70562621e-01 -6.29562797e+00  7.89489217e+00  3.47980266e-02\n",
      "  -3.59082430e+00  8.36555080e+00 -2.12557537e+00  3.64984174e+00\n",
      "   1.63041315e+01  9.06428108e+00  5.85895935e+00 -3.84059949e+00\n",
      "   6.78121098e+00 -1.25282933e+00 -4.18970525e+00  2.12251461e+00\n",
      "   4.45087969e-01 -2.78787607e+00 -1.98221690e+00  6.96925635e+00\n",
      "   1.64296101e+00  6.13708891e+00 -1.17421853e+01 -1.63830178e+00\n",
      "   9.33464344e-02  7.57826567e+00 -5.80472228e+00 -1.37645721e+00]]\n"
     ]
    }
   ],
   "source": [
    "# 作业：添加你的代码\n",
    "print(A+A)\n",
    "print(A@A.T)\n",
    "print(A.T@A)\n",
    "print(A@B)"
   ]
  },
  {
   "cell_type": "code",
   "execution_count": 3,
   "metadata": {},
   "outputs": [
    {
     "data": {
      "text/plain": [
       "array([ -4.58960939,   6.37396679, -10.87098198,   8.52601973,\n",
       "        -3.65477182,   1.60305131,   3.69669476,  -2.56838231,\n",
       "         0.17953102,   9.87398599, -11.38273935,  -3.44920973,\n",
       "         0.2293075 ,  -9.56660582,  11.04579408,  13.21125466,\n",
       "        -4.47798844,   2.61335027,  -4.97003326,   1.32488374,\n",
       "        -1.672981  ,   4.90758682,  -3.0363259 ,  -3.20431177,\n",
       "        -4.7881397 ,  -3.8048433 ,  -3.89528583,   4.80396493,\n",
       "         2.3960875 ,   3.08629258,  -2.21170571,   6.76820262,\n",
       "         5.35837863,  -4.69352207,   7.25426657,   3.625346  ,\n",
       "        -1.6585622 ,  -2.27239584,   0.42395881,  -7.26616213])"
      ]
     },
     "execution_count": 3,
     "metadata": {},
     "output_type": "execute_result"
    }
   ],
   "source": [
    "def q1_1(lamd):\n",
    "    return A@(B-np.eye(40))\n",
    "q1_1(1)[0]"
   ]
  },
  {
   "cell_type": "markdown",
   "metadata": {},
   "source": [
    "### Q1.2 求解  \n",
    "$\\left\\{\\begin{array}\\\\x0 + 2 * x1 = 1\\\\3 * x0 + 5 * x1 = 2 \\end{array}\\right.$"
   ]
  },
  {
   "cell_type": "code",
   "execution_count": 4,
   "metadata": {},
   "outputs": [
    {
     "data": {
      "text/plain": [
       "array([[-1.],\n",
       "       [ 1.]])"
      ]
     },
     "execution_count": 4,
     "metadata": {},
     "output_type": "execute_result"
    }
   ],
   "source": [
    "# 作业：添加你的代码\n",
    "modulus=np.array([[1,2],[3,5]])\n",
    "val=np.array([[1],[2]])\n",
    "np.linalg.solve(modulus,val)"
   ]
  },
  {
   "cell_type": "markdown",
   "metadata": {},
   "source": [
    "#### 向量范数\n",
    "\n",
    "    1-范数： ，即向量元素绝对值之和，matlab调用函数norm(x, 1) 。\n",
    "    2-范数：，Euclid范数（欧几里得范数，常用计算向量长度），即向量元素绝对值的平方和再开方，matlab调用函数norm(x, 2)。\n",
    "     ∞-范数：，即所有向量元素绝对值中的最大值，matlab调用函数norm(x, inf)。\n",
    "     −∞-范数：，即所有向量元素绝对值中的最小值，matlab调用函数norm(x, -inf)。\n",
    "    p-范数：，即向量元素绝对值的p次方和的1/p次幂，matlab调用函数norm(x, p)。\n",
    "\n",
    "#### 矩阵范数\n",
    "\n",
    "    1-范数：， 列和范数，即所有矩阵列向量绝对值之和的最大值，matlab调用函数norm(A, 1)。\n",
    "    2-范数：，为最大特征值。即A'A矩阵的最大特征值的开平方。matlab调用函数norm(x, 2)。-范数：\n",
    "    F-范数：，Frobenius范数，即矩阵元素绝对值的平方和再开平方，matlab调用函数norm(A, ’fro‘)。\n",
    "    无穷范数：矩阵的每一行上的元素绝对值先求和，再从中取个最大的，（行和最大）\n"
   ]
  },
  {
   "cell_type": "markdown",
   "metadata": {},
   "source": [
    "### Q2 计算$A$的Frobenius范数$||A||_F$、$B$的无穷范数$||B||_\\infty$、"
   ]
  },
  {
   "cell_type": "code",
   "execution_count": 17,
   "metadata": {},
   "outputs": [
    {
     "name": "stdout",
     "output_type": "stream",
     "text": [
      "28.27227638227526 3.740248903704589\n"
     ]
    }
   ],
   "source": [
    "# 作业：添加你的代码\n",
    "A_fro=np.sqrt(np.sum(np.square(A)))\n",
    "B_inf=np.max(np.abs(B))\n",
    "print(A_fro,B_inf)"
   ]
  },
  {
   "cell_type": "markdown",
   "metadata": {},
   "source": [
    "#### 矩阵特征值\n",
    "\n",
    "numpy的矩阵特征值计算提供了两组函数，一组用于通用的矩阵，一组用于赫米特矩阵。另外，每组中又包含两个函数，分别用于只计算特征值，以及特征向量。\n",
    "\n",
    "1. `w, v = np.linalg.eig(a)`，计算一个方阵的特征值和特征向量，其中特征向量v是归一化后的向量。\n",
    "2. `w, v = np.linalg.eigh(a, UPLO='L')`，用于赫米特矩阵的特征值计算。其中`UPLO`的取值`L`与`U`分别表示计算时采用`a`的下三角还是上三角矩阵。\n",
    "3. `w = np.linalg.eigvals(a)`，与1.的最大差别就是没有计算特征向量。\n",
    "4. `w = np.linalg.eigvalsh(a)`，与2.的最大差别就是没有计算特征向量。\n",
    "\n"
   ]
  },
  {
   "cell_type": "markdown",
   "metadata": {},
   "source": [
    "### Q3 求解  $AA^T$ 的特征值的最大和最小值以及对应的特征向量。"
   ]
  },
  {
   "cell_type": "code",
   "execution_count": 6,
   "metadata": {},
   "outputs": [
    {
     "name": "stdout",
     "output_type": "stream",
     "text": [
      "最大特征值: 102.05982981961608 \n",
      "特征向量:\n",
      " [-0.39727363 -0.03164817  0.08884246  0.10338937  0.30188496  0.12020401\n",
      " -0.06136765  0.16793442  0.1752838  -0.43209559 -0.24072168  0.08915642\n",
      "  0.05317571  0.35426495 -0.09980245 -0.23650583  0.24847305  0.24487168\n",
      "  0.23738648 -0.17155534]\n",
      "最小特征值: 3.757380250473424 \n",
      "特征向量:\n",
      " [-0.02119567  0.2368354  -0.19426888  0.06841793 -0.16147859 -0.27826145\n",
      " -0.0306895   0.57992308  0.3481106  -0.11730535  0.21581855 -0.05139568\n",
      " -0.06721601 -0.11358904  0.41543559  0.02813814 -0.03978918 -0.10885054\n",
      "  0.26789586 -0.01102129]\n"
     ]
    }
   ],
   "source": [
    "# 作业：添加你的代码\n",
    "# wrong!!!\n",
    "w,v=np.linalg.eig(A@A.T)\n",
    "max_pos=w.argmax()\n",
    "min_pos=w.argmin()\n",
    "print(\"最大特征值:\",w[max_pos],\"\\n特征向量:\\n\",v[max_pos])\n",
    "print(\"最小特征值:\",w[min_pos],\"\\n特征向量:\\n\",v[min_pos])"
   ]
  },
  {
   "cell_type": "markdown",
   "metadata": {},
   "source": [
    "### Q4 请通过采样的方式画出正态分布$N(\\mu=100, \\sigma=15)$的直方图及其的拟合曲线"
   ]
  },
  {
   "cell_type": "code",
   "execution_count": 7,
   "metadata": {},
   "outputs": [
    {
     "data": {
